L T C128 C128_SEM chi_relSEM_pct chi_MC_RMS_pct local_negative_pct local_below_minus3SEM_pct
Stored parameters: Dict{String, Any}("ndisorder" => 1000, "mcs" => 65536, "version" => "1.2.2", "p" => 0.5, "corr_start_time" => 4096, "Jweak" => 0.0, "thermalization" => 2048, "binsize" => 256, "Jstrong" => 1.0, "max_corr_time" => 128)
L=10 Cpeak_T=1.03 Cpeak_per_site=0.435354
10 0.10 0.937440 0.001142 1.194 0.035 4.00 4.00
10 0.30 0.923620 0.001422 1.138 0.722 4.00 2.00
10 0.50 0.813480 0.003213 1.128 1.567 4.00 0.00
10 0.70 0.629900 0.005578 1.265 2.433 0.00 0.00
10 1.02 0.206400 0.008241 1.474 3.136 0.00 0.00
10 1.50 0.007800 0.005278 0.891 2.144 0.00 0.00
10 2.00 -0.003640 0.004296 0.484 1.389 0.00 0.00
10 3.00 0.002200 0.003644 0.236 0.943 0.00 0.00
L=16 Cpeak_T=0.99 Cpeak_per_site=0.427576
16 0.10 0.938133 0.000749 1.280 0.024 14.84 14.45
16 0.30 0.921305 0.000946 1.259 0.481 37.11 34.38
16 0.50 0.812523 0.002079 1.390 1.330 37.11 32.81
16 0.70 0.620984 0.003756 1.555 3.140 5.47 0.00
16 1.02 0.200234 0.004874 1.430 4.961 0.00 0.00
16 1.50 0.002016 0.003324 0.579 2.490 0.00 0.00
16 2.00 0.001766 0.002640 0.313 1.470 0.00 0.00
16 3.00 -0.000586 0.002283 0.153 0.963 0.00 0.00
L=24 Cpeak_T=1.00 Cpeak_per_site=0.421357
24 0.10 0.937903 0.000500 1.156 0.016 10.07 8.16
24 0.30 0.921740 0.000624 1.179 0.342 16.67 14.76
24 0.50 0.812997 0.001392 1.569 1.081 16.67 5.73
24 0.70 0.610247 0.002580 1.948 3.569 18.06 3.82
24 1.02 0.197222 0.003295 1.076 6.043 1.22 0.00
24 1.50 0.003212 0.002151 0.378 2.586 0.00 0.00
24 2.00 -0.001333 0.001771 0.206 1.483 0.00 0.00
24 3.00 -0.002556 0.001444 0.104 0.967 0.00 0.00
L=32 Cpeak_T=1.02 Cpeak_per_site=0.421077
32 0.10 0.937531 0.000376 1.177 0.013 9.28 7.32
32 0.30 0.921613 0.000460 1.240 0.270 14.16 11.04
32 0.50 0.812648 0.001023 1.732 0.937 15.33 8.01
32 0.70 0.615150 0.001801 2.293 3.785 22.56 12.40
32 1.02 0.201516 0.002533 0.836 6.451 0.78 0.00
32 1.50 0.003900 0.001715 0.291 2.617 0.10 0.00
32 2.00 0.000871 0.001268 0.161 1.496 0.00 0.00
32 3.00 0.000443 0.001108 0.081 0.969 0.00 0.00
L=40 Cpeak_T=1.03 Cpeak_per_site=0.420592
40 0.10 0.937149 0.000296 1.231 0.010 22.12 19.25
40 0.30 0.920475 0.000359 1.178 0.227 22.75 18.19
40 0.50 0.810540 0.000827 1.804 0.791 20.00 12.44
40 0.70 0.611671 0.001511 2.649 3.907 19.12 5.81
40 1.02 0.200856 0.001885 0.677 6.628 3.38 0.00
40 1.50 0.002844 0.001287 0.236 2.637 0.44 0.00
40 2.00 -0.001234 0.001062 0.128 1.499 0.06 0.00
40 3.00 0.002199 0.000889 0.065 0.973 0.00 0.00
L=50 Cpeak_T=1.02 Cpeak_per_site=0.420173
50 0.10 0.937211 0.000228 1.237 0.009 18.60 15.48
50 0.30 0.921205 0.000305 1.315 0.189 44.52 40.76
50 0.50 0.811741 0.000689 2.097 0.749 38.72 30.08
50 0.70 0.608514 0.001216 2.888 4.236 32.16 18.16
50 1.02 0.198966 0.001579 0.627 6.755 5.08 0.00
50 1.50 0.003522 0.001052 0.199 2.631 0.88 0.00
50 2.00 0.000764 0.000808 0.106 1.497 0.28 0.00
50 3.00 0.000670 0.000731 0.058 0.970 0.00 0.00
